0.0
0.0
1
0.06666666666666667
1
0.0
0.0
0.2
0.07142857142857142
0.0
0.0
0.0
0.0
0.0
0.3333333333333333
0.0
0.0
0.0
0.0
0.0625
0.0
1
0.0
0.0
0.0
0.125
0.0
0.09090909090909091
0.0
0.16666666666666666
0.0
0.0
0.0
1
0.09090909090909091
0.07692307692307693
0.0
0.0
0.0
0.0
0.07142857142857142
0.0
1
0.09090909090909091
0.0
0.0
0.0
0.0
0.0
0.0
0.07692307692307693
0.0
0.07692307692307693
0.05555555555555555
0.0
0.14285714285714285
1
1
0.1
0.2222222222222222
1
0.0
0.0
0.0
0.1111111111111111
0.0
1
0.0
0.0
0.0
0.0
0.0
0.0
0.0
0.1111111111111111
1
1
0.08333333333333333
1
0.0
1
0.0
0.08333333333333333
0.0
0.0
0.0
0.0
0.1111111111111111
0.0
0.05555555555555555
1
1
1
1
0.1
0.0
1
0.2
1
1
1
0.0
0.0
0.15384615384615385
0.1111111111111111
0.0
0.0
1
0.0
0.0
0.0
0.14285714285714285
1
0.0
1
0.13333333333333333
0.0
0.0
0.0
0.14285714285714285
1
0.0
0.0
0.0
0.0
0.25
0.0
0.0
0.11764705882352941
1
0.08333333333333333
0.0
0.0
0.1
1
0.0
0.058823529411764705
0.0
1
0.0
0.0
1
0.0
0.0
0.0
1
1
0.0
0.08333333333333333
0.0
0.0
0.06666666666666667
0.0
0.0
0.08333333333333333
0.0
0.07692307692307693
0.0625
0.0
0.0
0.0
0.0
0.0
1
0.0
0.0
0.0
0.0
0.0
0.0
0.0
0.0
1
0.0
1
1
0.0
0.0
0.0
1
0.07692307692307693
0.0
0.0
0.1111111111111111
0.0
0.07692307692307693
0.0
0.0
0.0
0.09090909090909091
0.0625
0.0
1
0.0
0.0
1
0.07692307692307693
1
1
0.0
1
1
0.14285714285714285
0.0
0.0
1
0.1111111111111111
1
0.0
0.0
0.07692307692307693
0.0
0.0
1
0.1
0.0
0.0
0.07692307692307693
0.0
0.0
0.0
0.0
1
1
0.0
0.0
0.08333333333333333
0.07142857142857142
0.09090909090909091
0.0
0.0
0.125
0.0
1
0.1111111111111111
0.0
0.0
1
0.0
0.0
0.0
0.09090909090909091
0.0
1
0.0
0.0
0.0
0.05555555555555555
0.0
0.07692307692307693
0.07142857142857142
0.0
0.0
0.09090909090909091
0.0
0.0
0.0
1
0.0
0.07142857142857142
0.0
0.0
0.0
0.0
0.0
0.0
0.06666666666666667
0.0
0.0
0.0
0.0
0.0
0.11764705882352941
0.0
0.0
0.0
0.0
0.0
0.0
0.0
0.07142857142857142
0.0
0.09090909090909091
0.0
0.0
0.0
0.06666666666666667
0.0
0.2
0.07142857142857142
0.0
0.0
0.0
0.15384615384615385
0.06666666666666667
1
0.0
0.0625
0.07692307692307693
1
0.0
0.0
0.07692307692307693
0.0
0.0
0.0
0.0
0.0
0.058823529411764705
0.0
0.0
0.0
0.0
1
0.0
0.0
0.0
0.08333333333333333
0.0
0.0
0.07692307692307693
0.1
0.0
0.09090909090909091
0.1111111111111111
0.0
0.0
0.0
0.1111111111111111
0.2
0.0
0.0
0.0
0.1
0.125
0.08333333333333333
0.05555555555555555
0.0
0.0
0.0
0.0
0.0
0.0
0.0
0.058823529411764705
1
0.0
0.0
0.0
0.08333333333333333
0.0
1
0.0
0.07142857142857142
0.09090909090909091
0.09090909090909091
0.0
0.0
0.0
0.0
0.07142857142857142
0.16666666666666666
0.0
0.0
1
0.1
0.0
0.0
0.07142857142857142
1
0.0
1
0.15384615384615385
0.09090909090909091
1
1
0.058823529411764705
0.0
0.25
1
0.0
1
